Initialized in 0.000020 s
Input read in 0.000219 s
0		-18.225743	-76.809327	-11.550084	-33.961039	-54.266182	-10.218837	-44.576587	-39.947635	-44.459559	
18.225743	0		65.675519	-213.100753	133.188291	66.527136	-155.286961	132.914648	138.209367	134.367402	
76.809327	-65.675519	0		-30.291334	-242.823216	-207.294395	-24.485398	-685.947367	-256.484026	-514.498279	
11.550084	213.100753	30.291334	0		58.515738	34.391627	-435.842317	46.713573	43.627377	44.693033	
33.961039	-133.188291	242.823216	-58.515738	0		585.496168	-39.399341	239.608518	1.741126	78.828380	
54.266182	-66.527136	207.294395	-34.391627	-585.496168	0		-25.493972	-334.159545	-97.583300	-177.806210	
10.218837	155.286961	24.485398	435.842317	39.399341	25.493972	0		36.528874	39.009030	36.960552	
44.576587	-132.914648	685.947367	-46.713573	-239.608518	334.159545	-36.528874	0		-311.121901	-697.286521	
39.947635	-138.209367	256.484026	-43.627377	-1.741126	97.583300	-39.009030	311.121901	0		1183.245821	
44.459559	-134.367402	514.498279	-44.693033	-78.828380	177.806210	-36.960552	697.286521	-1183.245821	0

0		
18.225743	0		
76.809327	-65.675519	0		
11.550084	213.100753	30.291334	0		
33.961039	-133.188291	242.823216	-58.515738	0		
54.266182	-66.527136	207.294395	-34.391627	-585.496168	0		
10.218837	155.286961	24.485398	435.842317	39.399341	25.493972	0		
44.576587	-132.914648	685.947367	-46.713573	-239.608518	334.159545	-36.528874	0		
39.947635	-138.209367	256.484026	-43.627377	-1.741126	97.583300	-39.009030	311.121901	0
44.459559	-134.367402	514.498279	-44.693033	-78.828380	177.806210	-36.960552	697.286521	-1183.245821	

Problem solved in 0.000108 s, 0.000108 per timestep with 10 particles
Output written in 0.002636 s
Program finished in 0.003044 s. Exiting...
